0000:01:00.0 Processing accelerators: Xilinx Corporation Device 7024
00: ee 10 24 70 06 00 10 00 01 00 80 12 10 00 00 00
10: 0c 00 00 f0 00 00 00 00 00 00 00 00 00 00 00 00
20: 00 00 00 00 00 00 00 00 00 00 00 00 ee 10 24 70
30: 00 00 00 00 40 00 00 00 00 00 00 00 0b 01 00 00
40: 10 00 02 00 00 00 00 00 00 00 00 00 04 01 00 00
50: 00 00 81 00 00 00 00 00 00 00 00 00 00 00 00 00
100: 01 00 01 00 00 00 04 00 00 00 00 00 00 00 04 00
110: 00 00 00 00 00 00 00 00 00 00 00 00 01 00 00 00
120: 01 00 00 00 0f 00 00 01 00 00 00 fe 00 00 00 00
